0	0
0.016667	2.0179e-12
0.033333	1.6342e-13
0.05	6.4801e-12
0.066667	-1.161e-11
0.083333	2.9843e-12
0.1	1.2136e-11
0.11667	1.8858e-11
0.13333	6.1462e-11
0.15	-2.8663e-11
0.16667	1.1848e-10
0.18333	2.0376e-10
0.2	1.1001e-10
0.21667	-4.8296e-11
0.23333	-1.0988e-10
0.25	1.656e-10
0.26667	1.2131e-10
0.28333	3.941e-11
0.3	4.7617e-11
0.31667	4.399e-11
0.33333	3.3314e-11
0.35	2.8557e-11
0.36667	2.7871e-11
0.38333	2.791e-11
0.4	2.7899e-11
0.41667	2.7917e-11
0.43333	2.7939e-11
0.45	2.791e-11
0.46667	2.7899e-11
0.48333	2.7931e-11
0.5	2.8013e-11
0.51667	2.791e-11
0.53333	2.7889e-11
0.55	2.7903e-11
0.56667	2.7889e-11
0.58333	2.7867e-11
0.6	2.7871e-11
0.61667	2.7885e-11
0.63333	2.7867e-11
0.65	2.783e-11
0.66667	2.796e-11
0.68333	2.7663e-11
0.7	2.7557e-11
0.71667	2.8386e-11
0.73333	2.8216e-11
0.75	2.8702e-11
0.76667	2.8143e-11
0.78333	2.7189e-11
0.8	2.7338e-11
0.81667	2.8837e-11
0.83333	3.0012e-11
0.85	2.9662e-11
0.86667	2.7878e-11
0.88333	2.4087e-11
0.9	2.9397e-11
0.91667	2.9084e-11
0.93333	2.3688e-11
0.95	3.0926e-11
0.96667	2.5114e-11
0.98333	2.7347e-11
1	3.5039e-11
1.0167	2.28e-11
1.0333	2.3501e-11
1.05	3.0626e-11
1.0667	3.6581e-11
1.0833	3.118e-11
1.1	2.2975e-11
1.1167	1.8504e-11
1.1333	1.8032e-11
1.15	1.9348e-11
1.1667	2.0588e-11
1.1833	2.0936e-11
1.2	2.0217e-11
1.2167	1.8659e-11
1.2333	1.7017e-11
1.25	1.6728e-11
1.2667	1.9419e-11
1.2833	2.5663e-11
1.3	3.3509e-11
1.3167	3.8145e-11
1.3333	3.492e-11
1.35	2.7988e-11
1.3667	2.1334e-11
1.3833	1.7003e-11
1.4	2.5738e-11
1.4167	3.6387e-11
1.4333	3.3515e-11
1.45	2.6439e-11
1.4667	1.7813e-11
1.4833	2.5306e-11
1.5	3.5861e-11
1.5167	3.0067e-11
1.5333	2.2403e-11
1.55	2.0856e-11
1.5667	3.2609e-11
1.5833	3.2152e-11
1.6	2.5011e-11
1.6167	2.0714e-11
1.6333	3.2212e-11
1.65	3.1132e-11
1.6667	2.2242e-11
1.6833	2.4365e-11
1.7	3.5159e-11
1.7167	2.5928e-11
1.7333	2.118e-11
1.75	3.6124e-11
1.7667	2.4931e-11
1.7833	2.3253e-11
1.8	3.5211e-11
1.8167	1.7934e-11
1.8333	3.3985e-11
1.85	2.7306e-11
1.8667	2.0787e-11
1.8833	3.4856e-11
1.9	1.382e-11
1.9167	4.0433e-11
1.9333	1.4701e-11
1.95	4.0359e-11
1.9667	1.7611e-11
1.9833	3.9172e-11
2	1.8684e-11
2.0167	3.9787e-11
2.0333	1.6705e-11
2.05	4.2842e-11
2.0667	1.1566e-11
2.0833	4.6441e-11
2.1	5.8122e-12
2.1167	4.5134e-11
2.1333	6.7892e-12
2.15	3.3411e-11
2.1667	2.2112e-11
2.1833	2.3537e-11
2.2	4.5628e-11
2.2167	2.5437e-12
2.2333	4.8955e-11
2.25	7.2564e-12
2.2667	2.5768e-11
2.2833	4.4631e-11
2.3	-1.3554e-12
2.3167	4.8608e-11
2.3333	1.3911e-11
2.35	1.8527e-11
2.3667	5.789e-11
2.3833	-6.0094e-12
2.4	2.6349e-11
2.4167	5.0006e-11
2.4333	-1.0923e-11
2.45	3.6595e-11
2.4667	4.0053e-11
2.4833	-1.0395e-11
2.5	4.3412e-11
2.5167	3.5595e-11
2.5333	-1.1516e-11
2.55	4.3689e-11
2.5667	3.881e-11
2.5833	-1.5966e-11
2.6	3.6941e-11
2.6167	4.9294e-11
2.6333	-2.0398e-11
2.65	2.5196e-11
2.6667	6.2748e-11
2.6833	-1.646e-11
2.7	1.7636e-11
2.7167	6.8038e-11
2.7333	4.8725e-12
2.75	-7.1783e-12
2.7667	5.0903e-11
2.7833	4.1297e-11
2.8	-2.5931e-11
2.8167	2.0668e-11
2.8333	6.7912e-11
2.85	-6.6596e-12
2.8667	-5.1248e-12
2.8833	5.0733e-11
2.9	4.2952e-11
2.9167	-2.7791e-11
2.9333	1.6868e-11
2.95	6.6185e-11
2.9667	1.0115e-11
2.9833	-2.2514e-11
3	2.6397e-11
3.0167	6.0632e-11
3.0333	-1.2369e-11
3.05	-8.2707e-12
3.0667	4.0721e-11
3.0833	4.7178e-11
3.1	-2.299e-11
3.1167	2.8919e-12
3.1333	4.7807e-11
3.15	3.4301e-11
3.1667	-2.6036e-11
3.1833	8.0824e-12
3.2	4.8546e-11
3.2167	2.4862e-11
3.2333	-2.5475e-11
3.25	9.1127e-12
3.2667	4.5503e-11
3.2833	1.8803e-11
3.3	-2.3482e-11
3.3167	8.2743e-12
3.3333	4.0428e-11
3.35	1.5055e-11
3.3667	-2.0918e-11
3.3833	6.8319e-12
3.4	3.4305e-11
3.4167	1.2413e-11
3.4333	-1.8023e-11
3.45	5.2616e-12
3.4667	2.775e-11
3.4833	9.9352e-12
3.5	-1.4918e-11
3.5167	3.7392e-12
3.5333	2.1213e-11
3.55	7.1214e-12
3.5667	-1.1747e-11
3.5833	2.3306e-12
3.6	1.5005e-11
3.6167	3.9755e-12
3.6333	-8.6526e-12
3.65	9.9121e-13
3.6667	9.2193e-12
3.6833	9.7522e-13
3.7	-5.7554e-12
3.7167	-1.4211e-14
3.7333	3.8849e-12
3.75	-1.0854e-12
3.7667	-3.3911e-12
3.7833	-1.2754e-12
3.8	-5.4712e-13
3.8167	-1.5046e-12
3.8333	-2.462e-12
3.85	-3.8298e-12
3.8667	-2.7427e-12
3.8833	-7.9758e-13
3.9	-3.3697e-12
3.9167	-6.6862e-12
3.9333	-1.4744e-12
3.95	-2.0464e-12
3.9667	-7.0948e-12
3.9833	-5.3948e-12
4	-1.1369e-13
4.0167	-5.2616e-12
4.0333	-8.658e-12
4.05	-4.1211e-13
4.0667	-4.9951e-12
4.0833	-9.9316e-12
4.1	-1.5721e-12
4.1167	-4.9329e-12
4.1333	-1.0139e-11
4.15	-2.1334e-12
4.1667	-5.4516e-12
4.1833	-9.8481e-12
4.2	-2.0108e-12
4.2167	-6.1107e-12
4.2333	-8.4324e-12
4.25	-2.6024e-12
4.2667	-8.4359e-12
4.2833	-5.2278e-12
4.3	-5.5369e-12
4.3167	-9.2335e-12
4.3333	-3.2365e-12
4.35	-8.1037e-12
4.3667	-5.2154e-12
4.3833	-6.3292e-12
4.4	-7.9439e-12
4.4167	-4.8495e-12
4.4333	-8.8942e-12
4.45	-4.2224e-12
4.4667	-8.4395e-12
4.4833	-4.615e-12
4.5	-7.7236e-12
4.5167	-5.1763e-12
4.5333	-7.3328e-12
4.55	-5.4765e-12
4.5667	-7.3079e-12
4.5833	-5.473e-12
4.6	-7.5673e-12
4.6167	-5.3486e-12
4.6333	-7.8977e-12
4.65	-5.5138e-12
4.6667	-7.784e-12
4.6833	-6.3434e-12
4.7	-6.7981e-12
4.7167	-6.9971e-12
4.7333	-5.8709e-12
4.75	-7.5016e-12
4.7667	-6.6827e-12
4.7833	-6.267e-12
4.8	-7.3506e-12
4.8167	-6.7413e-12
4.8333	-6.2901e-12
4.85	-6.9935e-12
4.8667	-7.0433e-12
4.8833	-6.7431e-12
4.9	-6.505e-12
4.9167	-6.6063e-12
4.9333	-6.7821e-12
4.95	-6.8638e-12
4.9667	-6.8709e-12
4.9833	-6.8425e-12
5	-6.7892e-12
5.0167	-6.7342e-12
5.0333	-6.7555e-12
5.05	-6.8034e-12
5.0667	-6.7661e-12
5.0833	-6.7928e-12
5.1	-6.7804e-12
5.1167	-6.7821e-12
5.1333	-6.7786e-12
5.15	-6.775e-12
5.1667	-6.775e-12
5.1833	-6.7732e-12
5.2	-6.7679e-12
5.2167	-6.7644e-12
5.2333	-6.7555e-12
5.25	-6.7537e-12
5.2667	-6.7573e-12
5.2833	-6.7537e-12
5.3	-6.7537e-12
5.3167	-6.7519e-12
5.3333	-6.7519e-12
5.35	-6.7484e-12
5.3667	-6.7519e-12
5.3833	-6.7502e-12
5.4	-6.7484e-12
5.4167	-6.7484e-12
5.4333	-6.7573e-12
5.45	-6.7644e-12
5.4667	-6.7644e-12
5.4833	-6.7555e-12
5.5	-6.7288e-12
5.5167	-6.7963e-12
5.5333	-6.704e-12
5.55	-6.8283e-12
5.5667	-6.6862e-12
5.5833	-6.7306e-12
5.6	-6.8976e-12
5.6167	-6.8709e-12
5.6333	-6.6116e-12
5.65	-6.4357e-12
5.6667	-6.4091e-12
5.6833	-6.4375e-12
5.7	-6.4162e-12
5.7167	-6.2865e-12
5.7333	-6.0076e-12
5.75	-5.695e-12
5.7667	-5.7376e-12
5.7833	-6.6755e-12
5.8	-8.3311e-12
5.8167	-8.7628e-12
5.8333	-6.839e-12
5.85	-4.3237e-12
5.8667	-4.6931e-12
5.8833	-1.058e-11
5.9	-8.6153e-12
5.9167	-2.6823e-12
5.9333	-4.7482e-12
5.95	-1.4698e-11
5.9667	-5.6577e-12
5.9833	7.3186e-13
6	-1.8904e-11
6.0167	-5.5707e-12
6.0333	2.6503e-12
6.05	-2.4318e-11
6.0667	3.0553e-12
6.0833	-8.4484e-12
6.1	-1.7703e-11
6.1167	2.0421e-11
6.1333	-3.8751e-11
6.15	3.0003e-12
6.1667	-7.8728e-12
6.1833	-2.019e-11
6.2	3.6326e-11
6.2167	-6.2407e-11
6.2333	4.1712e-11
6.25	-6.2421e-11
6.2667	4.4942e-12
6.2833	-1.2758e-11
6.3	-2.041e-11
6.3167	5.6339e-11
6.3333	-8.5965e-11
6.35	1.0446e-10
6.3667	-1.4125e-10
6.3833	9.7899e-11
6.4	-1.3662e-10
6.4167	3.2207e-11
6.4333	-5.5245e-11
6.45	-1.8346e-11
6.4667	8.1641e-11
6.4833	-1.3052e-10
6.5	2.0015e-10
6.5167	-2.6008e-10
6.5333	1.8048e-10
6.55	-2.1606e-10
6.5667	-1.5277e-13
6.5833	5.8034e-11
6.6	-1.8323e-10
6.6167	2.9269e-10
6.6333	-3.5383e-10
6.65	5.2186e-11
6.6667	6.6724e-11
6.6833	-2.973e-10
6.7	2.8393e-10
6.7167	-1.7574e-10
6.7333	-1.9139e-10
6.75	3.2146e-10
6.7667	-1.4119e-10
6.7833	-3.28e-10
6.8	1.3417e-10
6.8167	2.4485e-10
6.8333	-3.4285e-10
6.85	-3.01e-10
6.8667	-1.3152e-11
6.8833	2.7243e-10
6.9	2.304e-10
6.9167	3.5065e-12
6.9333	-1.7008e-10
6.95	-2.3704e-10
6.9667	-2.2484e-10
6.9833	-1.4309e-10
7	1.2831e-11
7.0167	1.3759e-10
7.0333	-1.3024e-11
7.05	-1.8665e-10
7.0667	3.3907e-11
7.0833	-9.3639e-11
7.1	2.332e-11
7.1167	-6.678e-11
7.1333	-1.1578e-10
7.15	-1.0327e-10
7.1667	-9.4218e-11
7.1833	-1.0461e-10
7.2	-1.2116e-10
7.2167	-9.2641e-11
7.2333	8.8463e-13
7.25	-2.8887e-11
7.2667	-1.2724e-10
7.2833	1.4886e-11
7.3	-1.1361e-10
7.3167	-6.4084e-11
7.3333	-4.9013e-11
7.35	-8.3183e-11
7.3667	-2.6215e-11
7.3833	-3.666e-11
7.4	-4.3503e-11
7.4167	-4.5368e-11
7.4333	-4.6896e-11
7.45	-4.6704e-11
7.4667	-4.6647e-11
7.4833	-4.6604e-11
7.5	-4.6661e-11
7.5167	-4.6576e-11
7.5333	-4.669e-11
7.55	-4.664e-11
7.5667	-4.7393e-11
7.5833	-5.1735e-11
7.6	-5.3589e-11
7.6167	-6.9818e-11
7.6333	9.7323e-11
7.65	-1.0255e-10
7.6667	1.6324e-10
7.6833	-1.2468e-10
7.7	-1.0235e-10
7.7167	-7.9524e-11
7.7333	-1.9881e-11
7.75	-2.4102e-11
7.7667	-1.863e-11
7.7833	-1.814e-11
7.8	-1.8275e-11
7.8167	-1.7586e-11
7.8333	-1.8389e-11
7.85	-1.5476e-11
7.8667	-2.2993e-11
7.8833	-2.1764e-11
7.9	-2.0499e-11
7.9167	-9.1731e-12
7.9333	-6.2883e-12
7.95	-2.2595e-12
7.9667	5.3696e-11
7.9833	5.8435e-11
8	-2.2261e-11
8.0167	9.5895e-11
8.0333	2.4902e-10
8.05	1.0409e-11
8.0667	-1.3655e-10
8.0833	-3.6628e-12
8.1	7.3246e-11
8.1167	4.1197e-11
8.1333	-1.4492e-11
8.15	2.122e-11
8.1667	7.8373e-12
8.1833	9.1056e-12
8.2	9.5106e-12
8.2167	9.468e-12
8.2333	9.4929e-12
8.25	9.5071e-12
8.2667	9.5213e-12
8.2833	9.5106e-12
8.3	9.6421e-12
8.3167	9.5852e-12
8.3333	9.4893e-12
8.35	9.5568e-12
8.3667	9.5319e-12
8.3833	9.5319e-12
8.4	9.6385e-12
8.4167	9.6207e-12
8.4333	9.6421e-12
8.45	9.6829e-12
8.4667	9.6101e-12
8.4833	9.7753e-12
8.5	9.5675e-12
8.5167	9.5959e-12
8.5333	9.5888e-12
8.55	9.063e-12
8.5667	8.7965e-12
8.5833	9.9512e-12
8.6	9.6723e-12
8.6167	1.1269e-11
8.6333	8.5674e-12
8.65	7.3364e-12
8.6667	7.2333e-12
8.6833	9.5124e-12
8.7	1.3744e-11
8.7167	9.6971e-12
8.7333	5.9686e-12
8.75	1.4204e-11
8.7667	4.0501e-12
8.7833	1.3522e-11
8.8	7.8622e-12
8.8167	6.7981e-12
8.8333	1.6222e-11
8.85	1.145e-11
8.8667	1.4033e-12
8.8833	6.3238e-12
8.9	1.1145e-11
8.9167	1.7478e-11
8.9333	1.9005e-11
8.95	1.6703e-11
8.9667	1.3591e-11
8.9833	1.134e-11
9	1.0472e-11
9.0167	1.1058e-11
9.0333	1.3022e-11
9.05	1.5991e-11
9.0667	1.8975e-11
9.0833	2.0149e-11
9.1	1.7513e-11
9.1167	1.16e-11
9.1333	8.2157e-12
9.15	6.1817e-13
9.1667	-9.7344e-13
9.1833	7.617e-12
9.2	1.7909e-11
9.2167	1.7298e-11
9.2333	9.6243e-12
9.25	9.4857e-13
9.2667	2.0961e-12
9.2833	1.4701e-11
9.3	1.6881e-11
9.3167	9.285e-12
9.3333	4.7962e-13
9.35	7.2991e-12
9.3667	1.7048e-11
9.3833	1.0584e-11
9.4	3.169e-12
9.4167	5.1958e-12
9.4333	1.5939e-11
9.45	1.0726e-11
9.4667	2.6361e-12
9.4833	7.9226e-12
9.5	1.6456e-11
9.5167	7.5531e-12
9.5333	2.9274e-12
9.55	1.752e-11
9.5667	8.3453e-12
9.5833	2.6397e-12
9.6	1.8364e-11
9.6167	3.805e-12
9.6333	9.6119e-12
9.65	1.2609e-11
9.6667	-2.3466e-12
9.6833	2.0714e-11
9.7	4.8139e-13
9.7167	1.6538e-11
9.7333	7.855e-12
9.75	8.2743e-12
9.7667	9.7824e-12
9.7833	2.0854e-12
9.8	1.2498e-11
9.8167	-8.864e-13
9.8333	1.3273e-11
9.85	-6.4482e-13
9.8667	1.1212e-11
9.8833	3.757e-12
9.9	8.4803e-12
9.9167	1.3488e-11
9.9333	2.3608e-12
9.95	2.6111e-11
9.9667	-1.1322e-11
9.9833	3.0864e-11
10	-1.4825e-11
10.017	1.5774e-11
10.033	6.3132e-12
10.05	7.4429e-13
10.067	3.3571e-11
10.083	-2.0844e-11
10.1	2.1346e-11
10.117	5.1621e-12
10.133	-4.4853e-12
10.15	3.8675e-11
10.167	-2.116e-11
10.183	7.9297e-12
10.2	3.0141e-11
10.217	-2.6798e-11
10.233	2.2307e-11
10.25	1.441e-11
10.267	-2.2014e-11
10.283	3.3582e-11
10.3	3.3467e-12
10.317	-1.8163e-11
10.333	3.8312e-11
10.35	-1.4211e-14
10.367	-1.9757e-11
10.383	3.7797e-11
10.4	4.9578e-12
10.417	-2.7175e-11
10.433	3.0699e-11
10.45	1.8463e-11
10.467	-3.7014e-11
10.483	1.538e-11
10.5	3.735e-11
10.517	-3.9657e-11
10.533	2.7889e-12
10.55	5.0226e-11
10.567	-2.2721e-11
10.583	-1.819e-11
10.6	3.9165e-11
10.617	1.4815e-11
10.633	-4.3475e-11
10.65	5.544e-12
10.667	4.7743e-11
10.683	-3.0177e-11
10.7	-1.8918e-11
10.717	3.6191e-11
10.733	2.0034e-11
10.75	-4.6519e-11
10.767	-1.1955e-12
10.783	4.7981e-11
10.8	-1.1331e-11
10.817	-3.9412e-11
10.833	9.5337e-12
10.85	4.1078e-11
10.867	-3.177e-11
10.883	-2.5683e-11
10.9	2.2625e-11
10.917	2.7978e-11
10.933	-4.1172e-11
10.95	-1.5532e-11
10.967	2.8624e-11
10.983	1.5961e-11
11	-4.3771e-11
11.017	-1.0893e-11
11.033	2.8789e-11
11.05	7.2653e-12
11.067	-4.3125e-11
11.083	-9.9547e-12
11.1	2.5484e-11
11.117	1.6289e-12
11.133	-4.1124e-11
11.15	-1.0726e-11
11.167	2.0286e-11
11.183	-2.0286e-12
11.2	-3.8511e-11
11.217	-1.2106e-11
11.233	1.4131e-11
11.25	-4.8477e-12
11.267	-3.5556e-11
11.283	-1.3616e-11
11.3	7.6419e-12
11.317	-7.6614e-12
11.333	-3.2422e-11
11.35	-1.5016e-11
11.367	1.279e-12
11.383	-1.085e-11
11.4	-2.9287e-11
11.417	-1.6264e-11
11.433	-4.7038e-12
11.45	-1.4285e-11
11.467	-2.6271e-11
11.483	-1.7547e-11
11.5	-1.0271e-11
11.517	-1.7405e-11
11.533	-2.3478e-11
11.55	-1.8552e-11
11.567	-1.5396e-11
11.583	-1.9369e-11
11.6	-2.1295e-11
11.617	-1.9925e-11
11.633	-1.9519e-11
11.65	-1.9561e-11
11.667	-2.073e-11
11.683	-2.2693e-11
11.7	-2.1107e-11
11.717	-1.8904e-11
11.733	-2.1886e-11
11.75	-2.5219e-11
11.767	-1.9277e-11
11.783	-2.0865e-11
11.8	-2.6159e-11
11.817	-2.28e-11
11.833	-1.8764e-11
11.85	-2.4563e-11
11.867	-2.6031e-11
11.883	-1.8437e-11
11.9	-2.3629e-11
11.917	-2.7519e-11
11.933	-1.9051e-11
11.95	-2.3741e-11
11.967	-2.7688e-11
11.983	-1.9556e-11
12	-2.4324e-11
12.017	-2.6729e-11
12.033	-2.0274e-11
12.05	-2.6112e-11
12.067	-2.4293e-11
12.083	-2.2554e-11
12.1	-2.7795e-11
12.117	-2.1497e-11
12.133	-2.4787e-11
12.15	-2.5501e-11
12.167	-2.284e-11
12.183	-2.7439e-11
12.2	-2.1899e-11
12.217	-2.602e-11
12.233	-2.3556e-11
12.25	-2.4666e-11
12.267	-2.5413e-11
12.283	-2.4084e-11
12.3	-2.6374e-11
12.317	-2.3471e-11
12.333	-2.6603e-11
12.35	-2.3341e-11
12.367	-2.6525e-11
12.383	-2.3507e-11
12.4	-2.6333e-11
12.417	-2.3903e-11
12.433	-2.5935e-11
12.45	-2.4539e-11
12.467	-2.5166e-11
12.483	-2.4949e-11
12.5	-2.4194e-11
12.517	-2.5736e-11
12.533	-2.4041e-11
12.55	-2.5558e-11
12.567	-2.494e-11
12.583	-2.4308e-11
12.6	-2.5613e-11
12.617	-2.4921e-11
12.633	-2.4468e-11
12.65	-2.5363e-11
12.667	-2.5102e-11
12.683	-2.4713e-11
12.7	-2.4716e-11
12.717	-2.5102e-11
12.733	-2.521e-11
12.75	-2.5093e-11
12.767	-2.4999e-11
12.783	-2.4977e-11
12.8	-2.4981e-11
12.817	-2.5002e-11
12.833	-2.5032e-11
12.85	-2.4992e-11
12.867	-2.4949e-11
12.883	-2.4995e-11
12.9	-2.4968e-11
12.917	-2.4976e-11
12.933	-2.4979e-11
12.95	-2.4979e-11
12.967	-2.4981e-11
12.983	-2.4981e-11
13	-2.4981e-11
13.017	-2.4986e-11
13.033	-2.5e-11
13.05	-2.4997e-11
13.067	-2.5e-11
13.083	-2.5004e-11
13.1	-2.5002e-11
13.117	-2.5004e-11
13.133	-2.5002e-11
13.15	-2.5008e-11
13.167	-2.5009e-11
13.183	-2.5009e-11
13.2	-2.5008e-11
13.217	-2.5011e-11
13.233	-2.5011e-11
13.25	-2.5004e-11
13.267	-2.5006e-11
13.283	-2.5e-11
13.3	-2.5011e-11
13.317	-2.5047e-11
13.333	-2.4997e-11
13.35	-2.5048e-11
13.367	-2.4979e-11
13.383	-2.5112e-11
13.4	-2.4949e-11
13.417	-2.4924e-11
13.433	-2.507e-11
13.45	-2.5274e-11
13.467	-2.5254e-11
13.483	-2.5086e-11
13.5	-2.4922e-11
13.517	-2.4812e-11
13.533	-2.4819e-11
13.55	-2.5022e-11
13.567	-2.5526e-11
13.583	-2.6223e-11
13.6	-2.65e-11
13.617	-2.5516e-11
13.633	-2.4475e-11
13.65	-2.254e-11
13.667	-2.4382e-11
13.683	-2.8599e-11
13.7	-2.6134e-11
13.717	-2.1538e-11
13.733	-2.2844e-11
13.75	-3.1861e-11
13.767	-2.5125e-11
13.783	-1.7007e-11
13.8	-3.368e-11
13.817	-2.5853e-11
13.833	-1.2667e-11
13.85	-3.9019e-11
13.867	-2.5212e-11
13.883	-1.1649e-11
13.9	-4.718e-11
13.917	-1.0736e-11
13.933	-3.2847e-11
13.95	-3.1505e-11
13.967	5.4445e-12
13.983	-6.5604e-11
14	4.4782e-12
14.017	-5.439e-11
14.033	-2.6464e-11
14.05	-2.796e-12
14.067	-6.1194e-11
14.083	4.3009e-11
14.1	-1.0871e-10
14.117	4.4956e-11
14.133	-1.0974e-10
14.15	7.816e-13
14.167	-5.5518e-11
14.183	-3.2223e-11
14.2	3.3284e-11
14.217	-1.0182e-10
14.233	1.1571e-10
14.25	-1.951e-10
14.267	1.377e-10
14.283	-2.2178e-10
14.3	5.9591e-11
14.317	-1.2422e-10
14.333	-3.7547e-11
14.35	7.9769e-11
14.367	-1.9513e-10
14.383	2.3663e-10
14.4	-3.3938e-10
14.417	1.0859e-10
14.433	-1.183e-10
14.45	-1.0535e-10
14.467	2.7153e-10
14.483	-4.0932e-10
14.5	6.2935e-11
14.517	5.9073e-11
14.533	-3.6943e-10
14.55	1.9794e-10
14.567	-1.6321e-11
14.583	-4.0159e-10
14.6	8.6109e-11
14.617	2.1991e-10
14.633	-4.0941e-10
14.65	-2.0957e-10
14.667	1.1964e-10
14.683	2.7879e-10
14.7	-7.3936e-11
14.717	-3.7257e-10
14.733	-3.8597e-10
14.75	-2.6384e-10
14.767	-1.7311e-10
14.783	-1.5503e-10
14.8	-2.0205e-10
14.817	-2.7819e-10
14.833	-2.3181e-10
14.85	1.9572e-11
14.867	6.9313e-12
14.883	-1.8889e-10
14.9	2.6489e-11
14.917	-1.4094e-10
14.933	-7.7033e-11
14.95	-3.3786e-11
14.967	-1.0619e-11
14.983	-9.7806e-12
15	-8.1215e-12
15.017	-1.6875e-11
15.033	-5.9604e-11
15.05	-1.162e-10
15.067	-1.1248e-10
15.083	-4.313e-12
15.1	-1.3786e-10
15.117	-1.404e-11
15.133	-6.5413e-11
15.15	-9.4428e-11
15.167	-4.8267e-11
15.183	-7.2824e-11
15.2	-6.6656e-11
15.217	-5.8815e-11
15.233	-6.5057e-11
15.25	-6.4801e-11
15.267	-6.505e-11
15.283	-6.5242e-11
15.3	-6.527e-11
15.317	-6.527e-11
15.333	-6.5249e-11
15.35	-6.5185e-11
15.367	-6.5164e-11
15.383	-6.4965e-11
15.4	-6.3721e-11
15.417	-8.027e-11
15.433	-7.2056e-11
15.45	1.284e-10
15.467	9.6762e-11
15.483	-4.0356e-10
15.5	1.6679e-10
15.517	-2.9388e-10
15.533	-1.2972e-10
15.55	-3.8028e-11
15.567	-3.3054e-11
15.583	-3.6685e-11
15.6	-3.6785e-11
15.617	-3.692e-11
15.633	-3.7758e-11
15.65	-3.4255e-11
15.667	-3.8774e-11
15.683	-3.7716e-11
15.7	-3.4099e-11
15.717	-4.0039e-11
15.733	-3.5342e-11
15.75	-3.0035e-11
15.767	-5.0647e-11
15.783	2.4869e-13
15.8	-9.6122e-11
15.817	-3.714e-11
15.833	-9.333e-11
15.85	-1.9891e-10
15.867	7.3115e-11
15.883	1.5088e-10
15.9	-1.555e-11
15.917	-7.4564e-11
15.933	-5.0612e-11
15.95	-6.5867e-12
15.967	-1.7629e-11
15.983	-1.3475e-11
16	-9.6776e-12
16.017	-9.1021e-12
16.033	-9.0772e-12
16.05	-9.2903e-12
16.067	-9.3152e-12
16.083	-9.2868e-12
16.1	-9.2797e-12
16.117	-9.3046e-12
16.133	-9.3401e-12
16.15	-9.4253e-12
16.167	-9.333e-12
16.183	-9.3294e-12
16.2	-9.3401e-12
16.217	-9.4182e-12
16.233	-9.4289e-12
16.25	-9.4182e-12
16.267	-9.404e-12
16.283	-9.4627e-12
16.3	-9.333e-12
16.317	-9.3276e-12
16.333	-9.1074e-12
16.35	-9.6065e-12
16.367	-8.8463e-12
16.383	-8.6455e-12
16.4	-9.5461e-12
16.417	-9.3543e-12
16.433	-1.0164e-11
16.45	-8.3062e-12
16.467	-6.8852e-12
16.483	-6.5867e-12
16.5	-8.1233e-12
16.517	-1.0898e-11
16.533	-1.2232e-11
16.55	-4.5439e-12
16.567	-1.3468e-11
16.583	-3.9257e-12
16.6	-1.4936e-11
16.617	-3.7996e-12
16.633	-1.1713e-11
16.65	-1.3634e-11
16.667	-4.8832e-12
16.683	-2.9434e-12
16.7	-1.3744e-11
16.717	-1.8384e-11
16.733	-1.3712e-11
16.75	-9.3454e-12
16.767	-7.0184e-12
16.783	-3.7392e-12
16.8	-1.7977e-12
16.817	-1.0374e-12
16.833	-1.1813e-12
16.85	-2.2986e-12
16.867	-4.6469e-12
16.883	-7.8977e-12
16.9	-9.5781e-12
16.917	-1.4108e-11
16.933	-1.9678e-11
16.95	-2.0048e-11
16.967	-1.2939e-11
16.983	-2.9843e-12
17	4.4054e-13
17.017	-6.7502e-12
17.033	-1.274e-11
17.05	-2.0165e-11
17.067	-1.2939e-11
17.083	-1.4388e-12
17.1	-4.2206e-12
17.117	-1.1532e-11
17.133	-1.9094e-11
17.15	-9.6136e-12
17.167	-1.5987e-12
17.183	-9.1571e-12
17.2	-1.6868e-11
17.217	-1.3152e-11
17.233	-2.8955e-12
17.25	-8.3258e-12
17.267	-1.603e-11
17.283	-1.2218e-11
17.3	-2.4265e-12
17.317	-9.9192e-12
17.333	-1.7632e-11
17.35	-3.4106e-12
17.367	-9.0701e-12
17.383	-1.8927e-11
17.4	-2.4833e-12
17.417	-9.7842e-12
17.433	-1.8158e-11
17.45	8.8818e-14
17.467	-1.6763e-11
17.483	-6.4766e-12
17.5	-9.2673e-12
17.517	-1.9025e-11
17.533	-5.1514e-13
17.55	-2.3917e-11
17.567	3.6486e-12
17.583	-2.2606e-11
17.6	3.503e-12
17.617	-2.052e-11
17.633	3.1513e-12
17.65	-2.0627e-11
17.667	4.6771e-12
17.683	-2.3785e-11
17.7	7.8142e-12
17.717	-2.9122e-11
17.733	9.2584e-12
17.75	-3.206e-11
17.767	2.8955e-12
17.783	-2.4516e-11
17.8	-1.018e-11
17.817	-3.5847e-12
17.833	-2.3377e-11
17.85	1.4369e-11
17.867	-3.7902e-11
17.883	7.3008e-13
17.9	-1.4513e-11
17.917	-2.0272e-11
17.933	1.7643e-11
17.95	-4.137e-11
17.967	-5.4481e-12
17.983	-1.5454e-13
18	-3.7774e-11
18.017	1.5145e-11
18.033	-2.4032e-11
18.05	-2.3098e-11
18.067	2.3453e-11
18.083	-3.9259e-11
18.1	-1.5024e-11
18.117	2.435e-11
18.133	-4.6422e-11
18.15	-1.3808e-11
18.167	2.507e-11
18.183	-4.8718e-11
18.2	-1.4847e-11
18.217	2.7791e-11
18.233	-4.6079e-11
18.25	-2.033e-11
18.267	2.9431e-11
18.283	-3.4909e-11
18.3	-3.5294e-11
18.317	2.2288e-11
18.333	-1.209e-11
18.35	-5.4944e-11
18.367	2.558e-13
18.383	1.6922e-11
18.4	-6.0595e-11
18.417	-1.7756e-11
18.433	3.1639e-11
18.45	-3.5083e-11
18.467	-4.7578e-11
18.483	9.0257e-12
18.5	1.0617e-11
18.517	-6.3853e-11
18.533	-2.0261e-11
18.55	2.9676e-11
18.567	-2.6564e-11
18.583	-5.8851e-11
18.6	-8.308e-12
18.617	2.3283e-11
18.633	-5.2591e-11
18.65	-4.1069e-11
18.667	9.619e-12
18.683	5.9526e-12
18.7	-6.3574e-11
18.717	-2.8187e-11
18.733	1.7755e-11
18.75	-1.0562e-11
18.767	-6.5132e-11
18.783	-2.4645e-11
18.8	1.7989e-11
18.817	-2.2261e-11
18.833	-6.2911e-11
18.85	-2.5313e-11
18.867	1.4195e-11
18.883	-2.9187e-11
18.9	-5.9963e-11
18.917	-2.5668e-11
18.933	8.7077e-12
18.95	-3.2669e-11
18.967	-5.7263e-11
18.983	-2.6871e-11
19	2.4798e-12
19.017	-3.4158e-11
19.033	-5.4772e-11
19.05	-2.8729e-11
19.067	-4.1531e-12
19.083	-3.4865e-11
19.1	-5.2218e-11
19.117	-3.0733e-11
19.133	-1.0994e-11
19.15	-3.562e-11
19.167	-4.9434e-11
19.183	-3.2543e-11
19.2	-1.7808e-11
19.217	-3.6788e-11
19.233	-4.6466e-11
19.25	-3.4039e-11
19.267	-2.4357e-11
19.283	-3.822e-11
19.3	-4.3514e-11
19.317	-3.5323e-11
19.333	-3.0406e-11
19.35	-3.935e-11
19.367	-4.0979e-11
19.383	-3.6863e-11
19.4	-3.5538e-11
19.417	-3.9499e-11
19.433	-3.9622e-11
19.45	-3.9357e-11
19.467	-3.878e-11
19.483	-3.8684e-11
19.5	-4.0089e-11
19.517	-4.2462e-11
19.533	-3.8927e-11
19.55	-3.8813e-11
19.567	-4.2757e-11
19.583	-4.3066e-11
19.6	-3.7275e-11
19.617	-4.1512e-11
19.633	-4.6143e-11
19.65	-3.8865e-11
19.667	-4.0284e-11
19.683	-4.6413e-11
19.7	-4.151e-11
19.717	-3.9037e-11
19.733	-4.5763e-11
19.75	-4.3107e-11
19.767	-3.9018e-11
19.783	-4.5743e-11
19.8	-4.3098e-11
19.817	-4.0064e-11
19.833	-4.6523e-11
19.85	-4.1659e-11
19.867	-4.2235e-11
19.883	-4.6978e-11
19.9	-4.0004e-11
19.917	-4.3814e-11
19.933	-4.4711e-11
19.95	-4.1286e-11
19.967	-4.6544e-11
19.983	-4.0963e-11
20	-4.4121e-11
20.017	-4.3869e-11
20.033	-4.2933e-11
20.05	-4.5906e-11
20.067	-4.1567e-11
20.083	-4.6018e-11
20.1	-4.1577e-11
20.117	-4.5254e-11
20.133	-4.2204e-11
20.15	-4.4617e-11
20.167	-4.2718e-11
20.183	-4.4388e-11
20.2	-4.2885e-11
20.217	-4.4491e-11
20.233	-4.2764e-11
20.25	-4.4837e-11
20.267	-4.2617e-11
20.283	-4.516e-11
20.3	-4.2919e-11
20.317	-4.4837e-11
20.333	-4.384e-11
20.35	-4.3679e-11
20.367	-4.454e-11
20.383	-4.3197e-11
20.4	-4.4453e-11
20.417	-4.4082e-11
20.433	-4.3368e-11
20.45	-4.434e-11
20.467	-4.4214e-11
20.483	-4.3693e-11
20.5	-4.3789e-11
20.517	-4.4288e-11
20.533	-4.4212e-11
20.55	-4.4016e-11
20.567	-4.3904e-11
20.583	-4.3858e-11
20.6	-4.3878e-11
20.617	-4.3908e-11
20.633	-4.3944e-11
20.65	-4.4006e-11
20.667	-4.4041e-11
20.683	-4.4036e-11
20.7	-4.4009e-11
20.717	-4.4032e-11
20.733	-4.4027e-11
20.75	-4.4025e-11
20.767	-4.4025e-11
20.783	-4.4029e-11
20.8	-4.4023e-11
20.817	-4.4018e-11
20.833	-4.4022e-11
20.85	-4.4e-11
20.867	-4.4007e-11
20.883	-4.4004e-11
20.9	-4.4002e-11
20.917	-4.4004e-11
20.933	-4.4002e-11
20.95	-4.4002e-11
20.967	-4.4004e-11
20.983	-4.4002e-11
21	-4.4002e-11
21.017	-4.4004e-11
21.033	-4.4006e-11
21.05	-4.4007e-11
21.067	-4.4015e-11
21.083	-4.4016e-11
21.1	-4.4022e-11
21.117	-4.4018e-11
21.133	-4.3991e-11
21.15	-4.4007e-11
21.167	-4.4007e-11
21.183	-4.4e-11
21.2	-4.3975e-11
21.217	-4.4126e-11
21.233	-4.3983e-11
21.25	-4.3824e-11
21.267	-4.3967e-11
21.283	-4.4082e-11
21.3	-4.4302e-11
21.317	-4.4473e-11
21.333	-4.4604e-11
21.35	-4.4729e-11
21.367	-4.4817e-11
21.383	-4.4704e-11
21.4	-4.4221e-11
21.417	-4.3826e-11
21.433	-4.2569e-11
21.45	-4.2244e-11
21.467	-4.4633e-11
21.483	-4.7089e-11
21.5	-4.4489e-11
21.517	-4.0931e-11
21.533	-4.1915e-11
21.55	-4.9663e-11
21.567	-4.4352e-11
21.583	-3.6868e-11
21.6	-4.8317e-11
21.617	-4.8519e-11
21.633	-3.4166e-11
21.65	-4.9091e-11
21.667	-4.9535e-11
21.683	-2.8006e-11
21.7	-5.944e-11
21.717	-4.4675e-11
21.733	-2.72e-11
21.75	-7.0893e-11
21.767	-2.2206e-11
21.783	-6.2613e-11
21.8	-4.5647e-11
21.817	-1.7657e-11
21.833	-8.3585e-11
21.85	5.8158e-12
21.867	-1.0255e-10
21.883	-1.9813e-11
21.9	-6.8251e-11
21.917	-4.8001e-11
21.933	-3.3005e-12
21.95	-9.9211e-11
21.967	5.2154e-11
21.983	-1.6061e-10
22	6.1696e-11
22.017	-1.7372e-10
22.033	1.1781e-11
22.05	-1.1597e-10
22.067	-5.0754e-11
22.083	2.1814e-12
22.1	-1.2076e-10
22.117	1.2843e-10
22.133	-2.5814e-10
22.15	1.6474e-10
22.167	-2.8896e-10
22.183	3.0731e-11
22.2	-1.0237e-10
22.217	-1.0027e-10
22.233	1.907e-10
22.25	-3.7068e-10
22.267	1.8019e-10
22.283	-2.2471e-10
22.3	-9.9812e-11
22.317	2.6416e-10
22.333	-4.44e-10
22.35	-1.7211e-11
22.367	1.7056e-10
22.383	-4.7203e-10
22.4	-2.815e-11
22.417	2.5577e-10
22.433	-4.1399e-10
22.45	-2.0342e-10
22.467	1.7842e-10
22.483	1.8358e-10
22.5	-3.1291e-10
22.517	-4.3014e-10
22.533	-1.6451e-10
22.55	-4.9669e-11
22.567	9.0957e-11
22.583	1.529e-10
22.6	1.4809e-10
22.617	9.6993e-11
22.633	-1.7803e-11
22.65	-1.087e-10
22.667	-2.6413e-10
22.683	-6.0794e-11
22.7	-3.9112e-11
22.717	-1.7194e-10
22.733	-7.7655e-11
22.75	-2.9928e-11
22.767	-1.138e-10
22.783	-1.4903e-10
22.8	-1.5287e-10
22.817	-1.548e-10
22.833	-1.4804e-10
22.85	-9.9909e-11
22.867	-2.5267e-11
22.883	-7.4795e-11
22.9	-1.6492e-10
22.917	-2.1377e-11
22.933	-1.5736e-10
22.95	-8.1847e-11
22.967	-5.4531e-11
22.983	-8.2569e-11
23	-1.0482e-10
23.017	-1.0229e-10
23.033	-7.8465e-11
23.05	-8.5642e-11
23.067	-8.437e-11
23.083	-8.4114e-11
23.1	-8.4086e-11
23.117	-8.4071e-11
23.133	-8.4022e-11
23.15	-8.4071e-11
23.167	-8.3936e-11
23.183	-8.3936e-11
23.2	-8.3638e-11
23.217	-8.1727e-11
23.233	-9.9654e-11
23.25	-8.3887e-11
23.267	1.7167e-11
23.283	2.449e-10
23.3	-2.6358e-10
23.317	3.5492e-10
23.333	-1.4956e-10
23.35	-1.4008e-10
23.367	-5.393e-11
23.383	-5.6225e-11
23.4	-5.4385e-11
23.417	-5.5451e-11
23.433	-5.5365e-11
23.45	-5.4897e-11
23.467	-5.4811e-11
23.483	-5.2985e-11
23.5	-4.9262e-11
23.517	-4.5858e-11
23.533	-5.9011e-11
23.55	-5.8073e-11
23.567	-5.1934e-11
23.583	-3.8618e-11
23.6	-8.4583e-11
23.617	9.3038e-11
23.633	1.2238e-10
23.65	1.8642e-10
23.667	1.4325e-10
23.683	-6.8688e-11
23.7	-1.6776e-10
23.717	5.8257e-11
23.733	7.5651e-11
23.75	3.3477e-11
23.767	-5.9188e-12
23.783	-2.9839e-11
23.8	-2.7491e-11
23.817	-2.78e-11
23.833	-2.7477e-11
23.85	-2.7367e-11
23.867	-2.7505e-11
23.883	-2.7523e-11
23.9	-2.7505e-11
23.917	-2.7566e-11
23.933	-2.7573e-11
23.95	-2.7551e-11
23.967	-2.7544e-11
23.983	-2.7519e-11
24	-2.7487e-11
24.017	-2.7498e-11
24.033	-2.7519e-11
24.05	-2.753e-11
24.067	-2.7537e-11
24.083	-2.7562e-11
24.1	-2.7574e-11
24.117	-2.7525e-11
24.133	-2.7367e-11
24.15	-2.7581e-11
24.167	-2.7109e-11
24.183	-2.788e-11
24.2	-2.8177e-11
24.217	-2.6892e-11
24.233	-2.7569e-11
24.25	-2.6411e-11
24.267	-2.9425e-11
24.283	-2.9809e-11
24.3	-3.0155e-11
24.317	-3.074e-11
24.333	-2.7269e-11
24.35	-2.3498e-11
24.367	-3.0056e-11
24.383	-2.5663e-11
24.4	-2.7766e-11
24.417	-2.4725e-11
24.433	-3.1848e-11
24.45	-2.1224e-11
24.467	-2.9075e-11
24.483	-3.4044e-11
24.5	-2.656e-11
24.517	-1.906e-11
24.533	-2.3453e-11
24.55	-3.2244e-11
24.567	-3.6982e-11
24.583	-3.6875e-11
24.6	-3.4625e-11
24.617	-3.2573e-11
24.633	-3.1607e-11
24.65	-3.1839e-11
24.667	-3.3262e-11
24.683	-3.5653e-11
24.7	-3.8101e-11
24.717	-3.8828e-11
24.733	-3.5911e-11
24.75	-2.899e-11
24.767	-2.0876e-11
24.783	-1.7273e-11
24.8	-2.2286e-11
24.817	-2.7889e-11
24.833	-3.639e-11
24.85	-3.7058e-11
24.867	-2.586e-11
24.883	-1.822e-11
24.9	-2.5221e-11
24.917	-3.2522e-11
24.933	-3.6938e-11
24.95	-2.5434e-11
24.967	-1.9806e-11
24.983	-2.7679e-11
25	-3.5907e-11
25.017	-3.0525e-11
25.033	-2.0728e-11
25.05	-2.6677e-11
25.067	-3.4097e-11
25.083	-3.1037e-11
25.1	-2.0767e-11
25.117	-2.7745e-11
25.133	-3.5936e-11
25.15	-2.4517e-11
25.167	-2.4137e-11
25.183	-3.5516e-11
25.2	-2.6215e-11
25.217	-2.3759e-11
25.233	-3.7472e-11
25.25	-2.1657e-11
25.267	-2.7924e-11
25.283	-3.6623e-11
25.3	-1.7963e-11
25.317	-3.8312e-11
25.333	-1.9433e-11
25.35	-2.9903e-11
25.367	-2.8873e-11
25.383	-2.6837e-11
25.4	-3.6867e-11
25.417	-2.1998e-11
25.433	-4.1311e-11
25.45	-1.9032e-11
25.467	-4.3194e-11
25.483	-1.8868e-11
25.5	-4.2728e-11
25.517	-2.2087e-11
25.533	-3.8181e-11
25.55	-2.7834e-11
25.567	-2.7306e-11
25.583	-3.2774e-11
25.6	-1.2268e-11
25.617	-4.7979e-11
25.633	-5.6026e-12
25.65	-5.2744e-11
25.667	-2.1558e-11
25.683	-2.9903e-11
25.7	-3.8078e-11
25.717	-2.3928e-12
25.733	-5.8485e-11
25.75	-1.9089e-11
25.767	-2.6992e-11
25.783	-4.6768e-11
25.8	1.2168e-12
25.817	-5.4357e-11
25.833	-3.0724e-11
25.85	-7.4429e-13
25.867	-6.5338e-11
25.883	-2.3643e-11
25.9	-1.1271e-11
25.917	-6.6072e-11
25.933	-1.4243e-11
25.95	-1.8881e-11
25.967	-6.5832e-11
25.983	-1.0768e-11
26	-1.9426e-11
26.017	-6.8811e-11
26.033	-1.4122e-11
26.05	-1.2166e-11
26.067	-7.4076e-11
26.083	-2.4258e-11
26.1	8.5976e-13
26.117	-7.5545e-11
26.133	-3.3804e-11
26.15	1.204e-11
26.167	-6.3428e-11
26.183	-4.8882e-11
26.2	7.1481e-12
26.217	-3.2681e-11
26.233	-7.5529e-11
26.25	-2.1608e-11
26.267	3.2472e-12
26.283	-7.6984e-11
26.3	-4.216e-11
26.317	1.0131e-11
26.333	-3.744e-11
26.35	-7.8625e-11
26.367	-2.7706e-11
26.383	7.1587e-12
26.4	-7.0438e-11
26.417	-5.7282e-11
26.433	-4.6043e-12
26.45	-1.4465e-11
26.467	-8.3347e-11
26.483	-4.197e-11
26.5	5.4232e-12
26.517	-3.6421e-11
26.533	-8.2663e-11
26.55	-3.979e-11
26.567	4.4089e-12
26.583	-5.1834e-11
26.6	-7.7179e-11
26.617	-3.528e-11
26.633	-1.334e-12
26.65	-6.0536e-11
26.667	-7.1903e-11
26.683	-3.2673e-11
26.7	-8.0647e-12
26.717	-6.4389e-11
26.733	-6.8361e-11
26.75	-3.3008e-11
26.767	-1.4492e-11
26.783	-6.5244e-11
26.8	-6.6324e-11
26.817	-3.5461e-11
26.833	-2.0563e-11
26.85	-6.4496e-11
26.867	-6.5034e-11
26.883	-3.8948e-11
26.9	-2.6601e-11
26.917	-6.3149e-11
26.933	-6.381e-11
26.95	-4.2599e-11
26.967	-3.2808e-11
26.983	-6.1876e-11
27	-6.2258e-11
27.017	-4.5903e-11
27.033	-3.9144e-11
27.05	-6.0963e-11
27.067	-6.0371e-11
27.083	-4.8759e-11
27.1	-4.5334e-11
27.117	-6.0293e-11
27.133	-5.8481e-11
27.15	-5.1461e-11
27.167	-5.0907e-11
27.183	-5.9432e-11
27.2	-5.7259e-11
27.217	-5.4515e-11
27.233	-5.5076e-11
27.25	-5.8131e-11
27.267	-5.7472e-11
27.283	-5.8014e-11
27.3	-5.6808e-11
27.317	-5.7188e-11
27.333	-5.9199e-11
27.35	-6.0385e-11
27.367	-5.5978e-11
27.383	-5.8577e-11
27.4	-6.2874e-11
27.417	-5.8776e-11
27.433	-5.622e-11
27.45	-6.1547e-11
27.467	-6.2748e-11
27.483	-5.5458e-11
27.5	-6.0332e-11
27.517	-6.4942e-11
27.533	-5.6435e-11
27.55	-6.0371e-11
27.567	-6.5526e-11
27.583	-5.738e-11
27.6	-6.0565e-11
27.617	-6.5484e-11
27.633	-5.7504e-11
27.65	-6.122e-11
27.667	-6.4716e-11
27.683	-5.7526e-11
27.7	-6.2609e-11
27.717	-6.2293e-11
27.733	-5.9384e-11
27.75	-6.4869e-11
27.767	-5.9025e-11
27.783	-6.1886e-11
27.8	-6.2862e-11
27.817	-6.0087e-11
27.833	-6.4595e-11
27.85	-5.9197e-11
27.867	-6.3379e-11
27.883	-6.0576e-11
27.9	-6.2e-11
27.917	-6.2208e-11
27.933	-6.1672e-11
27.95	-6.3146e-11
27.967	-6.1206e-11
27.983	-6.3443e-11
28	-6.1105e-11
28.017	-6.3377e-11
28.033	-6.133e-11
28.05	-6.3054e-11
28.067	-6.1789e-11
28.083	-6.2418e-11
28.1	-6.211e-11
28.117	-6.1544e-11
28.133	-6.2778e-11
28.15	-6.1084e-11
28.167	-6.3086e-11
28.183	-6.1895e-11
28.2	-6.1961e-11
28.217	-6.2698e-11
28.233	-6.1599e-11
28.25	-6.2267e-11
28.267	-6.2558e-11
28.283	-6.1879e-11
28.3	-6.1922e-11
28.317	-6.2542e-11
28.333	-6.2307e-11
28.35	-6.2077e-11
28.367	-6.1931e-11
28.383	-6.2055e-11
28.4	-6.219e-11
28.417	-6.224e-11
28.433	-6.2233e-11
28.45	-6.219e-11
28.467	-6.2142e-11
28.483	-6.2146e-11
28.5	-6.2197e-11
28.517	-6.2192e-11
28.533	-6.219e-11
28.55	-6.2185e-11
28.567	-6.219e-11
28.583	-6.2187e-11
28.6	-6.2188e-11
28.617	-6.2188e-11
28.633	-6.2185e-11
28.65	-6.2183e-11
28.667	-6.2183e-11
28.683	-6.2172e-11
28.7	-6.2174e-11
28.717	-6.2172e-11
28.733	-6.2171e-11
28.75	-6.2169e-11
28.767	-6.2169e-11
28.783	-6.2167e-11
28.8	-6.2165e-11
28.817	-6.2165e-11
28.833	-6.2162e-11
28.85	-6.216e-11
28.867	-6.2165e-11
28.883	-6.2158e-11
28.9	-6.2162e-11
28.917	-6.2158e-11
28.933	-6.2148e-11
28.95	-6.2172e-11
28.967	-6.2188e-11
28.983	-6.2126e-11
29	-6.2217e-11
29.017	-6.2132e-11
29.033	-6.2141e-11
29.05	-6.2304e-11
29.067	-6.2252e-11
29.083	-6.1995e-11
29.1	-6.1902e-11
29.117	-6.1991e-11
29.133	-6.21e-11
29.15	-6.2148e-11
29.167	-6.2141e-11
29.183	-6.2023e-11
29.2	-6.1675e-11
29.217	-6.1103e-11
29.233	-6.0833e-11
29.25	-6.1725e-11
29.267	-6.3746e-11
29.283	-6.443e-11
29.3	-6.2247e-11
29.317	-5.9313e-11
29.333	-6.0517e-11
29.35	-6.6814e-11
29.367	-6.2997e-11
29.383	-5.657e-11
29.4	-6.2931e-11
29.417	-6.9225e-11
29.433	-5.7359e-11
29.45	-5.9067e-11
29.467	-7.3904e-11
29.483	-5.4202e-11
29.5	-6.2158e-11
29.517	-7.3523e-11
29.533	-4.2725e-11
29.55	-8.0561e-11
29.567	-6.2935e-11
29.583	-4.4064e-11
29.6	-9.2189e-11
29.617	-2.9274e-11
29.633	-9.7206e-11
29.65	-5.8442e-11
29.667	-5.3589e-11
29.683	-8.5027e-11
29.7	-5.242e-12
29.717	-1.337e-10
29.733	3.908e-12
29.75	-1.4128e-10
29.767	-3.4413e-11
29.783	-9.455e-11
29.8	-6.7594e-11
29.817	-1.3497e-11
29.833	-1.2756e-10
29.85	6.3578e-11
29.867	-2.1393e-10
29.883	8.9301e-11
29.9	-2.4602e-10
29.917	2.8287e-11
29.933	-1.7296e-10
29.95	-7.0251e-11
29.967	1.0001e-12
29.983	-1.8039e-10
30	1.7139e-10
30.017	-3.5443e-10
30.033	1.3503e-10
30.05	-2.5883e-10
30.067	-8.0922e-11
30.083	1.2238e-10
30.1	-3.8262e-10
30.117	1.9761e-10
30.133	-2.524e-10
30.15	-1.5291e-10
30.167	2.8264e-10
30.183	-4.1794e-10
30.2	-1.0359e-10
30.217	2.9197e-10
30.233	-3.5449e-10
30.25	-2.6725e-10
30.267	1.6779e-10
30.283	1.203e-10
30.3	-4.2932e-10
30.317	-3.3888e-10
30.333	-7.806e-11
30.35	1.8308e-10
30.367	2.0818e-10
30.383	6.6336e-11
30.4	-5.7939e-11
30.417	-9.89e-11
30.433	-5.5946e-11
30.45	4.4521e-11
30.467	9.4527e-11
30.483	-7.0131e-11
30.5	-2.3845e-10
30.517	-6.6336e-11
30.533	-1.0384e-10
30.55	-6.9875e-11
30.567	-1.7743e-10
30.583	-1.094e-10
30.6	-8.5262e-11
30.617	-6.5956e-11
30.633	-6.6031e-11
30.65	-8.5478e-11
30.667	-1.0743e-10
30.683	-1.7296e-10
30.7	-1.3073e-10
30.717	-4.4235e-11
30.733	-1.7293e-10
30.75	-4.2917e-11
30.767	-1.4195e-10
30.783	-1.5914e-10
30.8	-1.4182e-10
30.817	-7.6302e-11
30.833	-9.8677e-11
30.85	-1.0211e-10
30.867	-1.0488e-10
30.883	-1.0173e-10
30.9	-1.0227e-10
30.917	-1.0213e-10
30.933	-1.0207e-10
30.95	-1.0213e-10
30.967	-1.0204e-10
30.983	-1.0193e-10
31	-1.0204e-10
31.017	-1.022e-10
31.033	-1.0426e-10
31.05	-1.1025e-10
31.067	-9.905e-11
31.083	-1.4155e-10
31.1	-8.481e-11
31.117	1.0247e-10
31.133	-2.7467e-10
31.15	6.8837e-11
31.167	-8.4299e-11
31.183	-7.1232e-11
31.2	-8.1684e-11
31.217	-7.2447e-11
31.233	-7.3847e-11
31.25	-7.3527e-11
31.267	-7.3719e-11
31.283	-7.3918e-11
31.3	-7.4472e-11
31.317	-8.0583e-11
31.333	-7.1147e-11
31.35	-7.7989e-11
31.367	-8.4029e-11
31.383	-7.1879e-11
31.4	-4.529e-11
31.417	8.2423e-13
31.433	-1.3213e-10
31.45	-1.6589e-10
31.467	-2.0366e-10
31.483	-2.0044e-10
31.5	1.0293e-10
31.517	8.1574e-11
31.533	-8.8367e-11
31.55	-1.3791e-10
31.567	-9.9931e-11
31.583	-7.1523e-11
31.6	-2.7281e-11
31.617	-3.9037e-11
31.633	-4.5542e-11
31.65	-4.5308e-11
31.667	-4.5517e-11
31.683	-4.5468e-11
31.7	-4.5414e-11
31.717	-4.5432e-11
31.733	-4.5418e-11
31.75	-4.5535e-11
31.767	-4.556e-11
31.783	-4.5436e-11
31.8	-4.5461e-11
31.817	-4.5432e-11
31.833	-4.5453e-11
31.85	-4.5443e-11
31.867	-4.5453e-11
31.883	-4.5464e-11
31.9	-4.5457e-11
31.917	-4.5498e-11
31.933	-4.5526e-11
31.95	-4.5521e-11
31.967	-4.5647e-11
31.983	-4.5729e-11
32	-4.5452e-11
32.017	-4.5189e-11
32.033	-4.5738e-11
32.05	-4.5628e-11
32.067	-4.5581e-11
32.083	-4.3373e-11
32.1	-4.337e-11
32.117	-4.3292e-11
32.133	-4.2046e-11
32.15	-4.351e-11
32.167	-4.7867e-11
32.183	-4.594e-11
32.2	-4.3201e-11
32.217	-4.9997e-11
32.233	-4.2823e-11
32.25	-4.6681e-11
32.267	-4.794e-11
32.283	-3.8462e-11
32.3	-4.5995e-11
32.317	-5.3429e-11
32.333	-4.581e-11
32.35	-3.9954e-11
32.367	-3.6364e-11
32.383	-4.0087e-11
32.4	-4.5896e-11
32.417	-5.0417e-11
32.433	-5.301e-11
32.45	-5.4168e-11
32.467	-5.4337e-11
32.483	-5.355e-11
32.5	-5.1443e-11
32.517	-4.7628e-11
32.533	-4.2322e-11
32.55	-3.7096e-11
32.567	-3.4984e-11
32.583	-3.8693e-11
32.6	-4.5091e-11
32.617	-5.0346e-11
32.633	-5.6598e-11
32.65	-5.1596e-11
32.667	-3.995e-11
32.683	-3.6316e-11
32.7	-4.4661e-11
32.717	-5.2159e-11
32.733	-5.4388e-11
32.75	-4.2281e-11
32.767	-3.7565e-11
32.783	-4.5542e-11
32.8	-5.403e-11
32.817	-4.8875e-11
32.833	-3.8415e-11
32.85	-4.4004e-11
32.867	-5.1298e-11
32.883	-5.0326e-11
32.9	-3.9273e-11
32.917	-4.4338e-11
32.933	-5.2646e-11
32.95	-4.6615e-11
32.967	-3.8877e-11
32.983	-4.864e-11
33	-5.0925e-11
33.017	-3.7446e-11
33.033	-4.8768e-11
33.05	-4.9784e-11
33.067	-3.8108e-11
33.083	-5.4715e-11
33.1	-4.0504e-11
33.117	-4.5802e-11
33.133	-5.4278e-11
33.15	-3.66e-11
33.167	-5.8986e-11
33.183	-3.3413e-11
33.2	-5.4964e-11
33.217	-3.6586e-11
33.233	-5.0207e-11
33.25	-4.0226e-11
33.267	-4.8219e-11
33.283	-4.1283e-11
33.3	-4.8692e-11
33.317	-3.8671e-11
33.333	-5.2232e-11
33.35	-3.2614e-11
33.367	-6.0055e-11
33.383	-2.6262e-11
33.4	-6.8404e-11
33.417	-2.7626e-11
33.433	-6.6366e-11
33.45	-4.237e-11
33.467	-4.6128e-11
33.483	-5.4808e-11
33.5	-2.2565e-11
33.517	-7.465e-11
33.533	-3.1621e-11
33.55	-5.4456e-11
33.567	-5.4166e-11
33.583	-1.8494e-11
33.6	-7.8424e-11
33.617	-4.0613e-11
33.633	-3.6508e-11
33.65	-7.4468e-11
33.667	-2.1119e-11
33.683	-5.8712e-11
33.7	-6.1315e-11
33.717	-1.2543e-11
33.733	-7.2873e-11
33.75	-5.3632e-11
33.767	-1.0397e-11
33.783	-7.9382e-11
33.8	-5.22e-11
33.817	-8.9013e-12
33.833	-8.0227e-11
33.85	-5.5124e-11
33.867	-7.2422e-12
33.883	-7.441e-11
33.9	-6.4853e-11
33.917	-9.7611e-12
33.933	-5.8774e-11
33.95	-8.2116e-11
33.967	-2.3732e-11
33.983	-3.3273e-11
34	-9.6509e-11
34.017	-4.778e-11
34.033	-8.9049e-12
34.05	-8.9063e-11
34.067	-6.3363e-11
34.083	-9.0843e-12
34.1	-5.2106e-11
34.117	-9.576e-11
34.133	-4.3702e-11
34.15	-1.1276e-11
34.167	-9.0935e-11
34.183	-6.92e-11
34.2	-1.5637e-11
34.217	-4.0249e-11
34.233	-1.0179e-10
34.25	-5.6557e-11
34.267	-7.8479e-12
34.283	-6.8507e-11
34.3	-9.4014e-11
34.317	-4.5937e-11
34.333	-1.5024e-11
34.35	-8.6249e-11
34.367	-8.2032e-11
34.383	-3.5094e-11
34.4	-2.656e-11
34.417	-9.4502e-11
34.433	-7.3394e-11
34.45	-3.045e-11
34.467	-3.6884e-11
34.483	-9.6948e-11
34.5	-6.9228e-11
34.517	-3.0834e-11
34.533	-4.448e-11
34.55	-9.6442e-11
34.567	-6.8136e-11
34.583	-3.4317e-11
34.6	-4.9742e-11
34.617	-9.4509e-11
34.633	-6.8619e-11
34.65	-3.9512e-11
34.667	-5.3667e-11
34.683	-9.1863e-11
34.7	-6.971e-11
34.717	-4.5487e-11
34.733	-5.7213e-11
34.75	-8.8878e-11
34.767	-7.0838e-11
34.783	-5.1575e-11
34.8	-6.097e-11
34.817	-8.5853e-11
34.833	-7.1708e-11
34.85	-5.7355e-11
34.867	-6.5073e-11
34.883	-8.2965e-11
34.9	-7.2362e-11
34.917	-6.2695e-11
34.933	-6.9189e-11
34.95	-8.025e-11
34.967	-7.3213e-11
34.983	-6.7704e-11
35	-7.2617e-11
35.017	-7.7744e-11
35.033	-7.4278e-11
35.05	-7.2367e-11
35.067	-7.4461e-11
35.083	-7.5943e-11
35.1	-7.5861e-11
35.117	-7.5854e-11
35.133	-7.4321e-11
35.15	-7.6049e-11
35.167	-7.8931e-11
35.183	-7.6316e-11
35.2	-7.3946e-11
35.217	-7.7801e-11
35.233	-8.0599e-11
35.25	-7.3735e-11
35.267	-7.7087e-11
35.283	-8.2368e-11
35.3	-7.6327e-11
35.317	-7.5266e-11
35.333	-8.1748e-11
35.35	-7.8964e-11
35.367	-7.4458e-11
35.383	-8.1043e-11
35.4	-8.0142e-11
35.417	-7.4776e-11
35.433	-8.1302e-11
35.45	-7.971e-11
35.467	-7.5993e-11
35.483	-8.2419e-11
35.5	-7.7899e-11
35.517	-7.8359e-11
35.533	-8.2968e-11
35.55	-7.6101e-11
35.567	-8.0092e-11
35.583	-8.0391e-11
35.6	-7.7772e-11
35.617	-8.2627e-11
35.633	-7.6867e-11
35.65	-8.0705e-11
35.667	-7.9197e-11
35.683	-7.9527e-11
35.7	-8.1368e-11
35.717	-7.824e-11
35.733	-8.2061e-11
35.75	-7.7744e-11
35.767	-8.1815e-11
35.783	-7.792e-11
35.8	-8.1425e-11
35.817	-7.8206e-11
35.833	-8.1252e-11
35.85	-7.8371e-11
35.867	-8.13e-11
35.883	-7.8519e-11
35.9	-8.1336e-11
35.917	-7.8952e-11
35.933	-8.0936e-11
35.95	-7.9812e-11
35.967	-7.9885e-11
35.983	-8.0405e-11
36	-7.9108e-11
36.017	-8.0815e-11
36.033	-7.9959e-11
36.05	-7.9575e-11
36.067	-8.0673e-11
36.083	-7.9961e-11
36.1	-7.9616e-11
36.117	-8.043e-11
36.133	-8.0206e-11
36.15	-7.9872e-11
36.167	-7.978e-11
36.183	-8.0078e-11
36.2	-8.0249e-11
36.217	-8.0236e-11
36.233	-8.0179e-11
36.25	-8.0153e-11
36.267	-8.0149e-11
36.283	-8.0135e-11
36.3	-8.0073e-11
36.317	-8.0043e-11
36.333	-8.0089e-11
36.35	-8.006e-11
36.367	-8.0083e-11
36.383	-8.0078e-11
36.4	-8.0075e-11
36.417	-8.0075e-11
36.433	-8.0073e-11
36.45	-8.0073e-11
36.467	-8.0076e-11
36.483	-8.0078e-11
36.5	-8.0078e-11
36.517	-8.0083e-11
36.533	-8.0085e-11
36.55	-8.008e-11
36.567	-8.0082e-11
36.583	-8.008e-11
36.6	-8.0082e-11
36.617	-8.0083e-11
36.633	-8.0082e-11
36.65	-8.0082e-11
36.667	-8.0087e-11
36.683	-8.0089e-11
36.7	-8.0091e-11
36.717	-8.0085e-11
36.733	-8.0085e-11
36.75	-8.0096e-11
36.767	-8.0094e-11
36.783	-8.005e-11
36.8	-8.0126e-11
36.817	-8.0034e-11
36.833	-8.0167e-11
36.85	-8.0016e-11
36.867	-8.0036e-11
36.883	-8.0199e-11
36.9	-8.0306e-11
36.917	-8.0123e-11
36.933	-7.9879e-11
36.95	-7.9698e-11
36.967	-7.9574e-11
36.983	-7.9456e-11
37	-7.9352e-11
37.017	-7.9396e-11
37.033	-7.9837e-11
37.05	-8.0838e-11
37.067	-8.1849e-11
37.083	-8.1343e-11
37.1	-8.0005e-11
37.117	-7.7531e-11
37.133	-7.8787e-11
37.15	-8.384e-11
37.167	-8.1538e-11
37.183	-7.6303e-11
37.2	-7.8028e-11
37.217	-8.7505e-11
37.233	-7.9732e-11
37.25	-7.2184e-11
37.267	-9.0751e-11
37.283	-8.0357e-11
37.3	-6.8537e-11
37.317	-9.6897e-11
37.333	-7.6298e-11
37.35	-7.3268e-11
37.367	-9.8428e-11
37.383	-5.695e-11
37.4	-1.0228e-10
37.417	-8.0741e-11
37.433	-6.1767e-11
37.45	-1.1153e-10
37.467	-3.6032e-11
37.483	-1.3172e-10
37.5	-5.933e-11
37.517	-9.8719e-11
37.533	-8.4933e-11
37.55	-3.779e-11
37.567	-1.3691e-10
37.583	8.1926e-12
37.6	-1.8735e-10
37.617	6.0751e-12
37.633	-1.8635e-10
37.65	-4.6489e-11
37.667	-1.2254e-10
37.683	-8.8194e-11
37.7	-1.4406e-11
37.717	-1.7033e-10
37.733	8.828e-11
37.75	-2.8554e-10
37.767	1.0741e-10
37.783	-3.0256e-10
37.8	-1.1564e-11
37.817	-1.4222e-10
37.833	-1.1998e-10
37.85	1.2e-10
37.867	-3.6599e-10
37.883	1.7685e-10
37.9	-3.3567e-10
37.917	-9.8833e-11
37.933	1.2288e-10
37.95	-4.4404e-10
37.967	1.2715e-10
37.983	-1.3547e-10
38	-3.4094e-10
38.017	2.1166e-10
38.033	-1.5883e-10
38.05	-4.21e-10
38.067	5.9218e-11
38.083	1.5642e-10
38.1	-4.5211e-10
38.117	-3.0692e-10
38.133	-4.9685e-12
38.15	2.3805e-10
38.167	1.9421e-11
38.183	-2.8706e-10
38.2	-4.2582e-10
38.217	-4.2845e-10
38.233	-3.9933e-10
38.25	-3.8403e-10
38.267	-3.4827e-10
38.283	-2.0304e-10
38.3	1.8591e-11
38.317	-5.7607e-11
38.333	-2.4922e-10
38.35	-2.8709e-11
38.367	-2.0107e-10
38.383	-9.2033e-11
38.4	-6.8692e-11
38.417	-1.2243e-10
38.433	-1.5282e-10
38.45	-1.5623e-10
38.467	-1.3434e-10
38.483	-8.5198e-11
38.5	-6.0787e-11
38.517	-1.2215e-10
38.533	-1.9701e-10
38.55	-5.6509e-11
38.567	-1.9405e-10
38.583	-1.0248e-10
38.6	-7.2809e-11
38.617	-8.4302e-11
38.633	-1.3457e-10
38.65	-1.0886e-10
38.667	-1.283e-10
38.683	-1.2283e-10
38.7	-1.2093e-10
38.717	-1.2007e-10
38.733	-1.1997e-10
38.75	-1.2002e-10
38.767	-1.1996e-10
38.783	-1.2007e-10
38.8	-1.2012e-10
38.817	-1.2007e-10
38.833	-1.2028e-10
38.85	-1.1863e-10
38.867	-1.1709e-10
38.883	-1.1146e-10
38.9	-2.2593e-10
38.917	-3.4596e-10
38.933	2.7005e-10
38.95	-4.1893e-10
38.967	2.2874e-10
38.983	-8.8818e-12
39	-9.5767e-11
39.017	-9.323e-11
39.033	-9.1802e-11
39.05	-9.1696e-11
39.067	-9.1795e-11
39.083	-9.2079e-11
